%%%%%%%%%%%%%%%%%%%%%%%%%%%%%%%%%%%%%%%%%%%%%%%%%%%%%%%%%%%%%%%%%%%%%%%%%%%
% Task Force on Modern Heuristic Optimization Test Beds
% Working Group on Modern Heuristic Optimization
% Intelligent Systems Subcommittee
% Power System Analysis, Computing, and Economic Committee
%
% Dr.-Ing. Jose L. Rueda (E-Mail: jose.rueda@uni-due.de)
% Sebastian Wildenhues (E-Mail: sebastian.wildenhues@uni-due.de)
% 11th February 2014
%
% This is a typical layout of an off-shore WPP. Parameters of system 
% components were taken from a off-shore WPP in Germany.
%
% See Matpower user's manual for details on the case file format.
%%%%%%%%%%%%%%%%%%%%%%%%%%%%%%%%%%%%%%%%%%%%%%%%%%%%%%%%%%%%%%%%%%%%%%%%%%%
function mpc = system_41
%% MATPOWER Case Format : Version 2
mpc.version = '2';

%%-----  Power Flow Data  -----%%
%% system MVA base
mpc.baseMVA = 100;

%% bus data
% bus_i	   type	    Pd	   Qd	    Gs	    Bs	   area	   Vm	   Va	   baseKV  zone	   Vmax	    Vmin
mpc.bus = [
	1       3       0       0       0       0       1       1       0        220     1       1.1 	0.9;
	2       1       0       0       0.5208  -12.1   1       1       0        110     1       1.1 	0.9;
	3       1       0       0       0       0       1       1       0        110     1       1.1 	0.9;
	4       1       0       0       0.4586  -8.0667 1       1       0        110     1       1.1	0.9;  
	5       1       0       0       0       9.8965  1       1       0        33      1       1.1    0.9;
    6       1       0       0       0.0049 	0       1       1       0        33      1       1.1	0.9;
    7       1       0       0       0.0049 	0       1       1       0        33      1       1.1	0.9;
    8       1       0       0       0.0049 	0       1       1       0        33      1       1.1	0.9;
    9       1       0       0       0.0049 	0       1       1       0        33      1       1.1	0.9;
   10       1       0       0       0.0049 	0       1       1       0        33      1       1.1	0.9;
   11       1       0       0       0.0049 	0       1       1       0        33      1       1.1	0.9;
   12       1       0       0       0.0049 	0       1       1       0        33      1       1.1	0.9;
   13       1       0       0       0.0049 	0       1       1       0        33      1       1.1	0.9;
   14       1       0       0       0.0049  0       1       1       0        33      1       1.1	0.9;
   15       1       0       0       0.0049  0       1       1       0        33      1       1.1	0.9;
   16       1       0       0       0.0049  0       1       1       0        33      1       1.1	0.9;
   17       1       0       0       0.0049  0       1       1       0        33      1       1.1	0.9;
   18       1       0       0       0.0049  0       1       1       0        33      1       1.1	0.9;
   19       1       0       0       0.0049  0       1       1       0        33      1       1.1	0.9;
   20       1       0       0       0.0049  0       1       1       0        33      1       1.1	0.9;
   21       1       0       0       0.0049  0       1       1       0        33      1       1.1	0.9;
   22       1       0       0       0.0049  0       1       1       0        33      1       1.1	0.9;
   23       1       0       0       0.0049  0       1       1       0        33      1       1.1	0.9;
   24       1       -5      0       0       0       1       1       0        0.95    1       1.05	0.95;
   25       1       -5      0       0       0       1       1       0        0.95    1       1.05	0.95;
   26       1       -5      0       0       0       1       1       0        0.95    1       1.05	0.95;
   27       1       -5      0       0       0       1       1       0        0.95    1       1.05	0.95;
   28       1       -5      0       0       0       1       1       0        0.95    1       1.05	0.95;
   29       1       -5      0       0       0       1       1       0        0.95    1       1.05	0.95;
   30       1       -5      0       0       0       1       1       0        0.95    1       1.05	0.95;
   31       1       -5      0       0       0       1       1       0        0.95    1       1.05	0.95;
   32       1       -5      0       0       0       1       1       0        0.95    1       1.05	0.95;
   33       1       -5      0       0       0       1       1       0        0.95    1       1.05	0.95;
   34       1       -5      0       0       0       1       1       0        0.95    1       1.05	0.95;
   35       1       -5      0       0       0       1       1       0        0.95    1       1.05	0.95;
   36       1       -5      0       0       0       1       1       0        0.95    1       1.05	0.95;
   37       1       -5      0       0       0       1       1       0        0.95    1       1.05	0.95;
   38       1       -5      0       0       0       1       1       0        0.95    1       1.05	0.95;
   39       1       -5      0       0       0       1       1       0        0.95    1       1.05	0.95;
   40       1       -5      0       0       0       1       1       0        0.95    1       1.05	0.95;
   41       1       -5      0       0       0       1       1       0        0.95    1       1.05	0.95;
];

%% generator data
%  bus	Pg	    Qg	    Qmax	Qmin	Vg	   mBase  status   Pmax    Pmin	    Pc1	   Pc2	  Qc1min  Qc1max  Qc2min  Qc2max  ramp_agc  ramp_10  ramp_30  ramp_q  apf
mpc.gen = [
	1	0     0       1000     -1000	1.02	100     1       1000     0       0       0       0       0       0       0       0       0       0       0       0; %Equivalent grid
];

%% branch data
% fbus  tbus	   r	       x	      b	       rateA   rateB   rateC  ratio   angle  status	    ratiomax	ratiomin
